
procs -----------memory---------- ---swap-- -----io---- -system-- ------cpu-----
 r  b   swpd   free   buff  cache   si   so    bi    bo   in   cs us sy id wa st
 1  0 242656 7804200      0      0    4    6     9     1    1    6 15  8 77  0  0
 0  0 242644 7154524      0      0   64    0     1     0 41601 24182 18 22 60  0  0
 0  0 242644 6341716      0      0    0    0     0     0 13598 17310 15 11 74  0  0
 1  0 242644 5977448      0      0    0    0     0     0 12159 15576 14  8 78  0  0
 0  0 242644 5525156      0      0    0    0     0     0 13463 17049 17  8 75  0  0
 0  0 242640 7981608      0      0    0    0     0     0 15917 19940 17 17 67  0  0

